building
Slavi_32
Slavi_32
0,00003
14
59,855208863582426 30,390303670428693
59,855288334734 30,39011055137962
59,85508494208594 30,38975918199867
59,85507012535435 30,389799415133893
59,85502163418677 30,389718948863447
59,85503510396264 30,389667986892164
59,854986612744 30,389579473994672
59,854997388576464 30,38954996969551
59,85481150497723 30,38924419786781
59,85475358451311 30,3893863549456
59,85424576589419 30,388562916778028
59,854162251214774 30,38878822233528
59,854661989154714 30,389598249457777
59,85472799171777 30,389461456798017
