building
Government
Government
0,00003
44
59,85669820054307 30,384101554518566
59,85661166146382 30,384087472921237
59,85660762072312 30,384188055759296
59,85657899879565 30,384188055759296
59,85656451945823 30,384528025751933
59,85660021269719 30,384535401826724
59,856597182140646 30,3846212325152
59,85661300837729 30,384699016576633
59,85658169262515 30,384727850323543
59,85664365064385 30,3850443509873
59,8566810274363 30,38502088165842
59,85669954745302 30,385110065108165
59,85673456709286 30,385171755915508
59,85671806745946 30,38522271788679
59,85685747226785 30,385423213010654
59,85687397183211 30,385387003188953
59,85690966473907 30,385445341235027
59,85696118367878 30,385308548575267
59,85692414392627 30,385250210529193
59,85692986825434 30,385229423409328
59,85687868599184 30,38515566266142
59,85689080811376 30,385108724003658
59,8568497275716 30,385054409271106
59,856836931982514 30,38509263074957
59,85679012702272 30,38502825773321
59,85678238231078 30,38504233933054
59,85675948489103 30,3850081411656
59,856750729991106 30,384967908030376
59,856760158344784 30,384957179194316
59,85673524054709 30,384838491445407
59,856758811437274 30,384815022116527
59,8567396179994 30,38472382701002
59,85671672055024 30,384742602473125
59,856694833267916 30,38463732576929
59,85668338452991 30,38464604294859
59,856673282698964 30,384603798156604
59,85667631324856 30,3845488128718
59,856686415078585 30,38454210734926
59,85669213944757 30,38442476070486
59,85671470018631 30,384426101809368
59,85672076127769 30,3843241778668
59,85669618017802 30,384323507314548
59,85669954745302 30,384206160670146
59,85669180272001 30,384206160670146
