building
ะด77/8
ะด77/8
0,00003
18
59,87448826995161 30,445279001723975
59,87452192467783 30,44544932199642
59,87456500267762 30,44542249990627
59,87458115691316 30,445488214027137
59,87535251252459 30,444847166072577
59,87533568558614 30,444743901025504
59,87538885868257 30,444666116964072
59,87528049316824 30,44430938316509
59,87526164695577 30,44433620525524
59,87503267303447 30,443582892185077
59,87499464377561 30,443629830842838
59,87493103721885 30,443443417316303
59,87479944866488 30,443602338200435
59,87487281523745 30,443845748668537
59,8749175754981 30,44379076338373
59,875159338758856 30,444584309589118
59,87517818502931 30,444562851917
59,875217896778516 30,444674163591117
