building
ZAGS
ZAGS
0,00003
14
59,85681281396738 30,385475128423423
59,856861302524564 30,385689705144614
59,85674816244788 30,385794311296195
59,856769039514795 30,3858855064027
59,856743448269675 30,38590696407482
59,85678452894306 30,386104106437415
59,85681281396738 30,386083989869803
59,85684177241976 30,386203348170966
59,85708354084079 30,385987430345267
59,856944810429596 30,385365157853812
59,856908444109635 30,38544964743778
59,85686197597625 30,385417460929602
59,85685658836239 30,385425507556647
59,85682965027997 30,38542953087017
