building
slavi_30
slavi_30
0,00003
16
59,85485511363224 30,3878693562001
59,85473927275498 30,387982008978724
59,854634207424496 30,387488482519984
59,85451028378775 30,38759577088058
59,854518365778155 30,387670872732997
59,854364807625295 30,38782644085586
59,85420855474236 30,38709151558578
59,854289375290676 30,386989591643214
59,85424627102266 30,386785743758082
59,85453991774289 30,386538980528712
59,854583021630496 30,386769650503993
59,85436295549413 30,386961637996137
59,85445859267791 30,38741224911064
59,854600027445784 30,38729154970497
59,854517860653814 30,38692408706993
59,85462427334563 30,386824845336378
