grass
Куракина Дача
0,00003
36
59,87557473248159 30,448116422630847
59,875737615716815 30,448964000679553
59,875821076238864 30,44914370868355
59,87624914465554 30,451251924969256
59,87556364781093 30,45165848918259
59,87534287910337 30,451760413125157
59,874992876928445 30,452087642624974
59,87441940386201 30,452522160485387
59,87380284197222 30,45321953482926
59,87311626396766 30,454024197533727
59,87269623278685 30,454528452828526
59,8720796389418 30,455295564606786
59,87065191272967 30,45728350058198
59,870199537712196 30,458131078630686
59,86945095124887 30,45677924528718
59,86884237573431 30,455427411943674
59,86927861241055 30,454676393419504
59,86965021691735 30,45375371351838
59,869854866901505 30,45403266325593
59,87027493397582 30,4532709158957
59,8704257259902 30,45274520292878
59,87078654696319 30,45257354155183
59,87065191272967 30,45131826773286
59,87079256341777 30,45123470015824
59,87075217321226 30,450762631371617
59,870555606845095 30,450837733224034
59,87038596644341 30,450891377404332
59,87018939791147 30,449544908478856
59,8712658404099 30,448689702898264
59,87221902145189 30,447874311357737
59,8728975404602 30,44729495421052
59,87340911309682 30,449708942323923
59,87351506570542 30,449841083027422
59,87365372701708 30,449854494072497
59,87427607611849 30,44932270422578
59,87504609264087 30,448625329881907
