440
10,601 59,878260584366295 30,42008277028799
12,534 59,88087717727737 30,4302966222167
16,471 59,882567623666155 30,43979164212942
7,579 59,88349894752338 30,444619618356228
5,116 59,883542013891244 30,444898568093777
2,455 59,88362276318059 30,445252619683743
2,124 59,883692745739346 30,445703230798244
2,000 59,88377349466248 30,44606801122427
2,000 59,883805794176794 30,44654008001089
2,000 59,883913458997796 30,446883402764797
2,000 59,883940375148555 30,447194539010525
2,000 59,88400497382144 30,447452031075954
2,000 59,884080338781104 30,44781681150198
2,347 59,88413955398664 30,448160134255886
2,711 59,884198769086694 30,448406897485256
3,008 59,88423106818769 30,448610745370388
4,572 59,88427413360687 30,448911152780056
6,479 59,88433873163103 30,449243746697903
7,643 59,884371030596014 30,449426136910915
8,464 59,88424721772643 30,449651442468166
6,158 59,88422030182419 30,449243746697903
5,143 59,884155703569846 30,44906135648489
3,096 59,88408572198595 30,448632203042507
2,551 59,884021123470035 30,44829960912466
2,143 59,883978057722985 30,44802065938711
2,000 59,88384347690381 30,447462759912014
2,000 59,8839188422297 30,44779535382986
2,000 59,8838004109266 30,447140894830227
2,000 59,88374657837656 30,446969233453274
2,026 59,883638913014934 30,446475706994534
2,153 59,88363352973769 30,446175299584866
2,490 59,88356354705427 30,445864163339138
2,770 59,88350971412058 30,44557448476553
3,092 59,883466647710854 30,445241890847683
5,608 59,88341281462019 30,444898568093777
8,783 59,88332129816603 30,44454451650381
10,904 59,88329976484606 30,44431921094656
16,380 59,881830082788746 30,436508618295193
12,468 59,88066182761461 30,42986746877432
10,972 59,878760044462524 30,42232744395733
14,641 59,88062287946019 30,43101780116558
7,938 59,88313161941855 30,44472925364971
3,949 59,88322851973874 30,445394441485405
3,186 59,88329311979527 30,445909425616264
2,249 59,883379253008634 30,446381494402885
2,000 59,88346538599879 30,446853563189507
2,000 59,88354075218204 30,447325631976128
2,011 59,88366995095574 30,447926446795464
2,638 59,88374531667512 30,448355600237846
3,373 59,88383144871658 30,44872038066387
5,354 59,8839175805348 30,44923536479473
9,427 59,88403601142037 30,45000784099102
8,205 59,88384221520607 30,449922010302544
6,845 59,88375608319251 30,449685975909233
4,113 59,88359458506548 30,449106618762016
3,018 59,88348691921143 30,44876329600811
2,264 59,883379253008634 30,44829122722149
2,005 59,88331465311954 30,447926446795464
2,000 59,883271586457056 30,447561666369438
2,000 59,88319621966342 30,44700376689434
2,000 59,88309931924904 30,446681901812553
3,146 59,88303471881584 30,446166917681694
4,557 59,883023952064754 30,445587560534477
6,475 59,88291628436217 30,445136949419975
8,912 59,88283014994899 30,444900915026665
13,129 59,88274401531256 30,444321557879448
16,479 59,88052597154321 30,43179027736187
10,000 59,87765090814903 30,422241613268852
19,892 59,88099974089604 30,436081811785698
6,026 59,88273324846731 30,44580213725567
2,141 59,882927051148144 30,446638986468315
2,000 59,88307778578527 30,447668954730034
2,163 59,88318545296467 30,448441430926323
5,239 59,883379253008634 30,449643060564995
8,936 59,88357305192255 30,450544282794
8,465 59,88321775305048 30,450844690203667
5,644 59,88306701904814 30,450158044695854
3,112 59,88303471881584 30,449342653155327
2,084 59,88290551757273 30,448677465319633
2,000 59,88286245038009 30,448119565844536
2,000 59,88271171476636 30,447325631976128
4,186 59,88256097846898 30,44629566371441
9,053 59,882377940617395 30,445651933550835
13,032 59,882270270822076 30,44500820338726
14,937 59,879746575982296 30,430715046823025
14,000 59,87917999903892 30,429665967822075
5,626 59,8821302995667 30,446209833025932
2,000 59,88232410576333 30,44723980128765
2,000 59,882571745370036 30,448141023516655
2,158 59,88263634670314 30,448870584368706
3,635 59,8827655489926 30,449879094958305
6,588 59,88291628436217 30,450651571154594
9,130 59,88295935148506 30,451209470629692
8,460 59,88273324846731 30,451209470629692
4,221 59,8825932791617 30,45028679072857
2,579 59,882528677744894 30,44972889125347
2,039 59,88242100843787 30,448892042040825
2,000 59,88231333878205 30,44848434627056
2,000 59,882270270822076 30,447926446795464
2,124 59,88202262896914 30,447153970599174
3,787 59,88202262896914 30,446445867419243
9,622 59,88180728672762 30,44575922191143
15,060 59,88169961508367 30,4450511187315
16,449 59,879330750669666 30,431618615984917
12,981 59,87827547489711 30,42932264506817
8,784 59,881559641425085 30,44597379863262
2,430 59,88174268378311 30,446939393877983
2,000 59,88190419090894 30,447819158434868
2,000 59,88209799842404 30,448892042040825
3,285 59,88214106660726 30,450308248400688
6,785 59,88244254232719 30,45101635158062
2,000 59,88211953252264 30,449643060564995
2,000 59,88178575242675 30,448698922991753
2,000 59,88180728672762 30,449385568499565
7,651 59,882216435793595 30,451316758990288
9,345 59,88232410576333 30,451681539416313
5,466 59,88201186189019 30,450887605547905
2,692 59,88178575242675 30,450200960040092
2,007 59,881635011929895 30,44854871928692
2,000 59,881667313522485 30,447647497057915
4,519 59,88144120171512 30,446939393877983
11,701 59,881139716912514 30,445952340960503
14,148 59,8783939258876 30,43052427470684
15,947 59,87968609109424 30,43998710811138
8,191 59,881096647431775 30,446832105517387
3,217 59,88130122696827 30,447862073779106
2,000 59,881322761583085 30,448677465319633
2,000 59,88138736534378 30,449664518237114
2,578 59,88152733972787 30,450179502367973
5,133 59,88164577913092 30,450930520892143
8,568 59,881850355287554 30,45174591243267
10,950 59,88197956063246 30,45228235423565
8,143 59,881462736239214 30,451939031481743
5,302 59,88125815769681 30,45103780925274
2,000 59,881236623040145 30,449900552630424
2,000 59,88107511267045 30,448870584368706
3,232 59,880988973485735 30,448183938860893
6,611 59,880870531742254 30,447390004992485
10,005 59,88071978709468 30,446853563189507
15,312 59,87821086508801 30,43303482234478
12,094 59,877015560969 30,43082468211651
9,918 59,88038599294209 30,44702522456646
2,000 59,88051520397945 30,4489778727293
4,202 59,88055827421359 30,44803373515606
2,000 59,88071978709468 30,449814721941948
3,093 59,880870531742254 30,450394079089165
6,001 59,88097820607194 30,451359674334526
7,955 59,881042810502365 30,45230381190777
10,316 59,88111818217912 30,452947542071342
9,785 59,880741322086166 30,453355237841606
6,814 59,88062287946019 30,45251838862896
4,559 59,88057980930976 30,451574251055717
3,344 59,880493668841424 30,45073740184307
2,076 59,88035369010427 30,45002929866314
2,439 59,88021371077763 30,44876329600811
5,336 59,88021371077763 30,447926446795464
12,289 59,88003065999951 30,446832105517387
10,000 59,876207898719926 30,428571626544
14,373 59,87883542131562 30,44399969279766
7,703 59,879632251880146 30,44799081981182
3,805 59,87986914376991 30,4489778727293
2,051 59,87987991154295 30,450072214007378
2,643 59,88005219543749 30,45125238597393
4,154 59,88027831669396 30,452110692858696
8,329 59,880375225332955 30,453398153185844
8,125 59,88011680166773 30,45372001826763
5,198 59,88000912454757 30,452883169054985
2,718 59,879890679312524 30,451874658465385
2,105 59,879675323258404 30,45097343623638
2,000 59,87958918044607 30,450115129351616
4,163 59,87950303741051 30,449342653155327
6,502 59,87943842998733 30,44874183833599
8,839 59,87930921476427 30,44822685420513
13,194 59,87904001476962 30,447368547320366
10,000 59,87569098458289 30,429987832903862
13,709 59,87782320359643 30,443334504961967
8,596 59,87892156608131 30,448849126696587
4,101 59,87911539098788 30,44955722987652
10,470 59,87898617450907 30,448312684893608
2,000 59,87920153502804 30,450415536761284
2,000 59,87927691088002 30,451145097613335
2,000 59,87938459037212 30,4515527933836
2,000 59,87947073371461 30,451874658465385
2,822 59,87957841257883 30,452625676989555
4,834 59,879739930221135 30,453162118792534
6,203 59,87981530485229 30,45350544154644
7,280 59,8798368404298 30,453848764300346
8,135 59,87982607264279 30,454149171710014
6,552 59,87952457319032 30,45404188334942
4,315 59,87947073371461 30,453376695513725
2,684 59,87930921476427 30,45279733836651
2,000 59,87915846303586 30,45202486217022
2,000 59,879083086915244 30,451660081744194
2,000 59,87899694256815 30,450951978564262
2,969 59,87883542131562 30,449836179614067
6,701 59,878673899278255 30,44929973781109
9,103 59,87860929024357 30,448870584368706
13,050 59,87837238937527 30,44777624309063
10,868 59,87529252445005 30,43155424296856
13,738 59,87700479226811 30,442905351519585
8,957 59,87838315763318 30,44899933040142
3,877 59,87843699887041 30,449814721941948
2,628 59,87849084002047 30,450565740466118
2,000 59,87873850818738 30,45146696269512
2,000 59,87892156608131 30,452604219317436
2,390 59,87905078281125 30,453097745776176
6,023 59,87925537493974 30,454106256365776
7,537 59,879330750669666 30,454406663775444
6,751 59,87894310223784 30,45449249446392
3,853 59,878867725628936 30,453848764300346
2,000 59,878760044462524 30,452904626727104
2,000 59,87853391287768 30,451917573809624
2,000 59,8783939258876 30,451359674334526
2,989 59,878232401705 30,450694486498833
4,540 59,87814625515337 30,449857637286186
9,255 59,878092413445216 30,449085161089897
11,692 59,87790935098524 30,44850580394268
10,157 59,87444174223657 30,43155424296856
14,457 59,87717296869134 30,446379147469997
7,083 59,87781908130367 30,449855290353298
3,716 59,877985991687446 30,4508101567626
2,092 59,878125980395374 30,451625548303127
2,000 59,8783036575219 30,452215634286404
2,000 59,87844364489211 30,452977381646633
2,638 59,87857824757676 30,45358892530203
4,809 59,87858901576798 30,454200468957424
7,268 59,87873438600814 30,45483347028494
9,347 59,87884206725766 30,455412827432156
7,843 59,87849210192137 30,455670319497585
6,339 59,87840057191791 30,455133877694607
5,047 59,87831442580207 30,454629622399807
3,728 59,8781744378877 30,45407172292471
2,000 59,87818520620975 30,45330997556448
2,000 59,87803983356796 30,45280572026968
2,000 59,87789446029044 30,452258549630642
2,291 59,877776007520204 30,451743565499783
4,602 59,877560637765676 30,450981818139553
8,551 59,8773937252462 30,450187884271145
11,475 59,87723219620362 30,44905062764883
10,000 59,873554505988686 30,430682860314846
15,724 59,876343772439874 30,44553156942129
9,774 59,87717709106422 30,45005075633526
6,803 59,87729554596855 30,450651571154594
3,101 59,87740323187895 30,451424047350883
2,000 59,87756476009046 30,452196523547173
2,000 59,87774370214596 30,4528271779418
2,000 59,877867539243326 30,453202687203884
2,673 59,87794291812023 30,45382495969534
3,964 59,87807752283242 30,454468689858913
5,709 59,878206742843346 30,45532699674368
6,965 59,87823366361572 30,45580979436636
6,357 59,87800214426075 30,45577760785818
4,527 59,87785138660463 30,45531626790762
2,945 59,87778139174616 30,454651080071926
2,386 59,87767909130334 30,454114638268948
2,002 59,877560637765676 30,453460179269314
2,000 59,87747987374799 30,45306321233511
2,000 59,8774314152432 30,45256968587637
2,000 59,8772806549988 30,45208688825369
2,764 59,877178353015005 30,451700650155544
5,731 59,877113741073565 30,450960360467434
8,522 59,876984516813955 30,450466834008694
11,284 59,876849907676004 30,44981237500906
14,585 59,873827873194095 30,43599598109722
11,000 59,872901663363244 30,43200485408306
14,300 59,872352387206405 30,433442518115044
16,000 59,875777137497195 30,444879457354546
5,126 59,877693982094605 30,455651208758354
2,287 59,87759706563858 30,454814359545708
2,000 59,87748938035611 30,454320833086967
2,000 59,87738169472478 30,45378439128399
2,000 59,87728477735834 30,453419610857964
2,000 59,87720939698907 30,45279733836651
2,000 59,87702632966647 30,45226089656353
2,471 59,876940179989326 30,451874658465385
4,964 59,87681095505502 30,45125238597393
9,019 59,87672480481979 30,450565740466118
11,668 59,87657404137088 30,45002929866314
7,293 59,87657404137088 30,451102182269096
12,427 59,87633712599837 30,45000784099102
8,322 59,8762509745352 30,451402589678764
3,116 59,876681729618454 30,45221798121929
2,000 59,87689710506704 30,453827306628227
2,004 59,87726324012741 30,45479290187359
6,880 59,87753245451096 30,456144735217094
7,536 59,876207898719926 30,45176737010479
3,251 59,87632635707768 30,452861711382866
2,000 59,87658481021134 30,453913137316704
2,907 59,87690787380284 30,455372259020805
8,786 59,877327851778304 30,456702634692192
9,538 59,87575559928955 30,4520034044981
3,218 59,875949442656044 30,453097745776176
2,000 59,87624020558663 30,45421354472637
3,535 59,87661711671178 30,45573703944683
9,897 59,8769940235637 30,45721761882305
9,553 59,87538944762463 30,45226089656353
2,000 59,875615600599716 30,453612729907036
2,000 59,87596021169884 30,454921647906303
3,950 59,87631558815351 30,45627348124981
10,824 59,876692498424006 30,45771114528179
7,485 59,87495867579714 30,452625676989555
2,000 59,87526021666244 30,453891679644585
2,000 59,87548637051661 30,45524351298809
3,880 59,87585252111407 30,45676700770855
10,186 59,876164822848814 30,458054468035698
5,518 59,874517128881436 30,452947542071342
2,000 59,874721748912926 30,454406663775444
2,000 59,87503406126987 30,455458089709282
3,066 59,87534637069305 30,456938669085503
9,795 59,8757448301805 30,45846216380596
5,248 59,87402172780041 30,45322649180889
2,000 59,87426942926362 30,455179139971733
2,000 59,87460328483765 30,45627348124981
4,797 59,87489405954162 30,457904264330864
10,045 59,8753248322063 30,45925609767437
8,230 59,873494009833706 30,453956052660942
2,000 59,87391403093643 30,456209108233452
2,859 59,874366355420804 30,45775406062603
6,843 59,874721748912926 30,459320470690727
6,551 59,87307398342492 30,454599782824516
2,511 59,87330015215052 30,455908700823784
2,000 59,87370940593384 30,45775406062603
3,010 59,87407557610155 30,458934232592583
8,329 59,874430972701944 30,460135862231255
7,489 59,872600101106364 30,455136224627495
2,157 59,872793962871164 30,45678846538067
2,000 59,87328938224611 30,458311960101128
2,379 59,87354785898957 30,459299013018608
7,218 59,87381710346062 30,46054355800152
7,992 59,87178980727581 30,455827564001083
2,000 59,87219907964955 30,45720085501671
2,000 59,87254372616225 30,45917496085167
2,791 59,87295298925623 30,460333675146103
12,962 59,87355610463384 30,46192154288292
8,435 59,87114357748164 30,45690044760704
2,000 59,871509775907 30,458230823278427
2,000 59,87194059242065 30,459818691015244
3,382 59,872392943752516 30,461535304784775
13,110 59,87295298925623 30,463466495275497
8,593 59,87049733512809 30,457758754491806
2,404 59,87086354067047 30,459217876195908
2,000 59,87135898880852 30,460505336523056
2,689 59,87189751102047 30,461964458227158
11,829 59,87254372616225 30,46441063284874
9,267 59,86972182772529 30,459046214818954
2,000 59,870475793500006 30,461020320653915
2,000 59,87107895381146 30,462608188390732
4,712 59,87155285780956 30,464067310094833
11,299 59,87211291746318 30,46586975455284
9,463 59,86924789763122 30,460290759801865
2,000 59,86976491194434 30,46243652701378
2,000 59,87015266740411 30,464238971471786
2,572 59,87077737502334 30,465526431798935
11,246 59,87172518486157 30,46792969107628
2,191 59,869285933463345 30,463647544384003
2,000 59,86958752577791 30,46519249677658
2,225 59,87023378581296 30,467595756053925
11,176 59,87126777574513 30,469827353954315
5,921 59,86876891170328 30,4662224650383
3,040 59,86911359376981 30,468110740184784
2,000 59,86993219935959 30,46991318464279
12,551 59,87109544632258 30,472573935985565
4,570 59,86842422606415 30,469569861888885
2,000 59,868984338413505 30,471372306346893
2,000 59,86967369450826 30,473518073558807
13,082 59,870923116006885 30,47566384077072
4,014 59,868338054096135 30,47394722700119
2,044 59,869329018247186 30,476350486278534
11,579 59,87053536953113 30,479354560375214
7,857 59,86777793086139 30,47592133283615
2,085 59,86868274062844 30,4786679148674
5,591 59,869630610171 30,480556190013885
11,762 59,87019070220136 30,48244446516037
17,703 59,874997630588425 30,444759093225002
14,861 59,87327987443695 30,4378068074584
17,783 59,87441608044905 30,442967377603054
17,406 59,87383452013724 30,44108983129263
18,657 59,87416299526727 30,44304247945547
17,595 59,87315063527473 30,440456829965115
21,725 59,874324539222705 30,445123873651028
16,866 59,8726498287762 30,439759455621243
20,130 59,87364398792987 30,443867426365614
19,772 59,87335320229291 30,443127136677504
16,020 59,87207156121728 30,439634900540113
21,493 59,873883614923024 30,44593272730708
18,099 59,87280931862673 30,44222055003047
16,211 59,87220080457386 30,440659504383802
18,109 59,87277763948493 30,44308438897133
17,818 59,872703258592395 30,44323551468551
15,862 59,87196280624581 30,440703509375453
20,917 59,873400614997244 30,445858715102077
17,425 59,87260902011862 30,44354665093124
15,250 59,87153737525725 30,439931033179164
16,507 59,87239630943876 30,443455455824733
19,665 59,87296981740065 30,445692418143153
14,482 59,87537447166646 30,449797622859478
14,976 59,87457753903819 30,4507203027606
9,245 59,874609847489225 30,452415458858013
11,284 59,87437291811915 30,452136509120464
8,808 59,87431907029957 30,45247983187437
13,022 59,873920593724065 30,45196484774351
13,625 59,87109881214014 30,433082096278667
18,875 59,871034188382964 30,436837188899517
17,680 59,86956261758768 30,437468513846397
16,026 59,87096283283852 30,4458799213171
16,345 59,87021695628382 30,44890210032463
15,546 59,86797653332821 30,447614639997482
9,798 59,87008770521617 30,458085983991623
14,252 59,86905367858899 30,45911595225334
16,071 59,86642538285889 30,4581718146801
16,384 59,86526197252816 30,461519211530685
15,900 59,85957360283395 30,390623062849045
17,735 59,85866854523635 30,388563126325607
19,872 59,859185724021366 30,384872406721115
18,366 59,85776346301627 30,37955090403557
18,268 59,85164273704983 30,380323380231857
17,346 59,8554359956706 30,37199780344963
16,656 59,85039259118063 30,38427159190178
18,244 59,84819394487056 30,38101002573967
15,953 59,85466956598623 30,39083193987608
19,753 59,86252025668011 30,36731332540512
18,760 59,86191694112838 30,37383645772934
11,692 59,86700168679214 30,423103272914886
12,428 59,85691761987468 30,40078729391098
10,524 59,85269346988202 30,4128035902977
2,000 59,86726021241464 30,48146814107895
10,807 59,869156005574105 30,485759675502777
2,000 59,86570902853456 30,4842147231102
10,761 59,86484722845018 30,481639802455902
3,039 59,8640715892816 30,485244691371918
15,567 59,86295118966042 30,48146814107895
9,097 59,863899222565536 30,492626130580902
2,000 59,86260644372281 30,487304627895355
12,808 59,86165837397072 30,48541635274887
14,339 59,8436668627375 30,395601242780685
18,000 59,85379805067677 30,460060089826584
7,267 59,86078030799654 30,488298386335373
3,000 59,86146983415117 30,49087330698967
6,476 59,86241790927688 30,49310490489006
13,911 59,86297812278632 30,495250672101974
