road
ул. Седова
0,00003
37
59,86109561311178 30,45121718198061
59,861397279703745 30,449522025883198
59,861688169898 30,448062904179096
59,86204369890313 30,447333343327045
59,86247463805736 30,446839816868305
59,86379974097815 30,445788390934467
59,86706379371689 30,443084724247456
59,87055371354181 30,440145023167133
59,871469218283686 30,439394004642963
59,87318168300992 30,43726969510317
59,87518483170251 30,434780605137348
59,87855544928538 30,430682189762592
59,878813885089336 30,430188663303852
59,879750698036055 30,428171642124653
59,88005219543749 30,427442081272602
59,88071978709468 30,426927097141743
59,88130122696827 30,426412113010883
59,88173191661348 30,425875671207905
59,882227202806284 30,425339229404926
59,88280861631081 30,42503882199526
59,887481088835926 30,422571189701557
59,88782557693502 30,422335155308247
59,888202356704305 30,4214983060956
59,88978478508295 30,419352538883686
59,89198068328315 30,41647721081972
59,89341224464434 30,414567478001118
59,896393569162115 30,40973950177431
59,89936386467205 30,404589660465717
59,90126858831048 30,401328094303608
59,90172054059636 30,40152121335268
59,902097162803095 30,40104914456606
59,90212944450779 30,400362499058247
59,901924993181396 30,399890430271626
59,90174206198037 30,399611480534077
59,903786529867226 30,389869697391987
59,905400494557654 30,38229513913393
59,90546505151363 30,38178015500307
