road
Софийская ул.
0,00003
20
59,74842946512609 30,53139880299568
59,759324496058774 30,51371768116951
59,76619691379328 30,50247386097908
59,76814168092645 30,50101473927498
59,779937507110944 30,497667342424393
59,79401790564259 30,493633300065994
59,79578833267476 30,492345839738846
59,7969973507917 30,49071505665779
59,80636575526963 30,4720039665699
59,81120003103309 30,462219268083572
59,81853643146568 30,45028880238533
59,820952774472055 30,44651225209236
59,82474953088872 30,444366484880447
59,828502717028144 30,44402316212654
59,83104774057141 30,442735701799393
59,84652937062117 30,430719405412674
59,859374950187615 30,42059138417244
59,86579588058567 30,41535571217537
59,877815632037894 30,397417098283768
59,889228218897266 30,38042262196541
