road
Белевский пр.
0,00003
20
59,857162923334045 30,446861274540424
59,85745385055566 30,44525194913149
59,85774477523331 30,444822795689106
59,85898387036755 30,443406589329243
59,86182822723244 30,43975878506899
59,86397210820977 30,437076576054096
59,86457538648614 30,43645430356264
59,86848565711593 30,433600433170795
59,87012287905907 30,432055480778217
59,87155538213805 30,430424697697163
59,87236315741435 30,429394729435444
59,87415096357666 30,426884181797504
59,87619712975736 30,423923023045063
59,87713401644892 30,422313697636127
59,877898582573835 30,419846065342426
59,87838315763318 30,417700298130512
59,87865236294733 30,41729260236025
59,87924460696439 30,41697073727846
59,88167808071302 30,41576910763979
59,882980885025596 30,41422415524721
