road
Бабушкина ул.
0,00003
29
59,89907330400615 30,41879463940859
59,896328994570695 30,423450954258442
59,8960599324219 30,423923023045063
59,89514510481424 30,4259829595685
59,89469306304938 30,426841266453266
59,8943809353837 30,42724896222353
59,89311086843134 30,428321845829487
59,88997854664433 30,430682189762592
59,88815929637545 30,43149758130312
59,88681363298105 30,431540496647358
59,8864260718164 30,431626327335835
59,88501574165065 30,432312972843647
59,88467122442257 30,432549007236958
59,88112894954755 30,436625964939594
59,87779089826803 30,44222641736269
59,87628328136007 30,444286353886127
59,87564790804201 30,444908626377583
59,8729232034198 30,447161681950092
59,872158522866975 30,447783954441547
59,86903499714818 30,450358875095844
59,8663636113716 30,452526099979877
59,864532295543555 30,454092510044575
59,86439224959462 30,4544572904706
59,86042762735126 30,470121391117573
59,85993201634498 30,47243881970644
59,85983504811054 30,473769195377827
59,85980272530292 30,475421436131
59,86009362944093 30,47767449170351
59,860373756947375 30,478618629276752
