water
Ивановский карьер
0,00003
44
59,87634789491557 30,427313335239887
59,87687556758497 30,42746353894472
59,87657530334455 30,427875760942698
59,8755253246896 30,428433660417795
59,87473378039694 30,428487304598093
59,87463147057564 30,428637508302927
59,874658394243355 30,428895000368357
59,874836089903425 30,42907739058137
59,87483070520043 30,4292812384665
59,87380221093277 30,43009663000703
59,87238057485263 30,430643800646067
59,87204669695924 30,431008581072092
59,872030541492265 30,431158784776926
59,872138244457176 30,431652311235666
59,87238057485263 30,43228531256318
59,87284907527593 30,432650092989206
59,87326371956914 30,432639364153147
59,87367297380089 30,433111432939768
59,87401222020067 30,433186534792185
59,87516455513837 30,432178024202585
59,876726066787725 30,430708173662424
59,87810444370943 30,42884135618806
59,878863603465696 30,42780065909028
59,87904127664968 30,42729640379548
59,87914895690508 30,426738504320383
59,87913818889522 30,426470283418894
59,878992820420955 30,425901655107737
59,878976668328995 30,425729993730783
59,87898205236055 30,42553687468171
59,87906281272866 30,42506480589509
59,87898205236055 30,42285466566682
59,87863747258533 30,421685222536325
59,87822827946298 30,420987848192453
59,878072138654396 30,42083764448762
59,877964454910824 30,420923475176096
59,877829849740806 30,42134189978242
59,87749602656724 30,423230174928904
59,87733449802172 30,423616413027048
59,87453992994234 30,42784357443452
59,87453992994234 30,42805815115571
59,874787627544876 30,428133253008127
59,87550917091283 30,427918676286936
59,875826860415465 30,427704099565744
59,87628992781232 30,42730713263154
