water
Нева
0,00003
136
59,84027721114422 30,51225855946541
59,84277821584576 30,503160506486893
59,84273509666684 30,49723818898201
59,844890987197246 30,49002841114998
59,84644314192516 30,488311797380447
59,85028010269226 30,488140136003494
59,8530820979156 30,489170104265213
59,85601316348944 30,491315871477127
59,859073265256086 30,489942580461502
59,86652839118741 30,479385405778885
59,86812262319923 30,47303393483162
59,86881199715697 30,463850051164627
59,870923116006885 30,45801356434822
59,87441263083021 30,453207045793533
59,8777294844062 30,45080378651619
59,88268261060148 30,445396453142166
59,88750581539557 30,442993193864822
59,8927588669712 30,441448241472244
59,8983124198489 30,436727553606033
59,90141167357226 30,43329432606697
59,90507014254499 30,42608454823494
59,91032041719446 30,413209944963455
59,91281615825018 30,40806010365486
59,9158710341313 30,404026061296463
59,91797916479 30,40230944752693
59,91974300796067 30,398790389299393
59,92327041308132 30,393039733171463
59,928517809741386 30,389778167009354
59,932517316989085 30,391494780778885
59,93767725901072 30,397159606218338
59,943438245600596 30,398790389299393
59,94958506019487 30,400764495134354
59,952206781187066 30,399734526872635
59,956418292208134 30,390293151140213
59,956547207572456 30,38608744740486
59,95289441138012 30,377075225114822
59,950788498856774 30,36892130970955
59,950057844880085 30,36368563771248
59,95027274478043 30,356304198503494
59,950487643287545 30,350038558244705
59,94945611774672 30,343772917985916
59,94833859551836 30,33742144703865
59,94674821046682 30,331327468156815
59,9450717760564 30,324117690324783
59,9427504192244 30,316307097673416
59,940514884953394 30,310041457414627
59,9423205204932 30,3072090446949
59,942757975988194 30,307043083012104
59,943058901714956 30,307493694126606
59,94335982471051 30,30712891370058
59,94361775653291 30,307794101536274
59,944176601931005 30,307837016880512
59,94458498299571 30,30738640576601
59,944756931412776 30,306742675602436
59,94473543790941 30,30586291104555
59,94472469115249 30,305455215275288
59,94498261235681 30,3051333501935
59,94496111899975 30,304446704685688
59,94521903836473 30,303781516849995
59,94732530474103 30,303974635899067
59,94733605065492 30,304511077702045
59,94870075340775 30,307000167667866
59,94835689659147 30,308845527470112
59,94793781627399 30,309510715305805
59,94774439280204 30,310755260288715
59,947755138580085 30,312493331730366
59,94788408764499 30,315797813236713
59,94817422120701 30,31736422330141
59,94815272991914 30,31792212277651
59,94874373525896 30,318522937595844
59,94910907874425 30,318222530186176
59,949732302455175 30,319681651890278
59,94954963465038 30,320218093693256
59,95016210508386 30,32283592969179
59,95098694115836 30,3249941021204
59,95403830363384 30,338126197457314
59,95485481777586 30,342331901192665
59,954253177726905 30,34391976892948
59,953307721296476 30,34919835627079
59,95296391227084 30,354090705513954
59,952534145973246 30,361085906624794
59,95249116903698 30,36340333521366
59,95274902981863 30,367094054818153
59,95466143466557 30,37516213953495
59,95876521186918 30,38267232477665
59,95928083379641 30,38516141474247
59,95943122201376 30,388852134346962
59,959087476514 30,3943882137537
59,958399974815975 30,398722663521767
59,95726126875012 30,402799621224403
59,955177120452056 30,405760779976845
59,95403830363384 30,40636159479618
59,948945379840424 30,405760779976845
59,947892314846946 30,405460372567177
59,94643086310211 30,40515996515751
59,94481385554576 30,404455214738846
59,93776325124328 30,402910262346268
59,92963600011389 30,397932082414627
59,928818864703224 30,398017913103104
59,92559313364766 30,40033534169197
59,92249613675964 30,404798537492752
59,92142072300726 30,40505602955818
59,92090451202671 30,40737345814705
59,91879656718276 30,41037753224373
59,91402093160865 30,41509822010994
59,912299813425406 30,417415648698807
59,91040648035425 30,42230799794197
59,90649038071426 30,43132022023201
59,903563762955024 30,43655589222908
59,90066345357716 30,44005014002323
59,89657400739408 30,444384589791298
59,894394893741755 30,446168929338455
59,888323968191024 30,447628051042557
59,8836731472732 30,44951632618904
59,87652339412134 30,45681193470955
59,87307718076138 30,460931807756424
59,87221557160509 30,46282008290291
59,871009281276365 30,468399077653885
59,87057845269617 30,473119765520096
59,86993219935959 30,47921374440193
59,868596569330286 30,48350527882576
59,86570970180714 30,486595183610916
59,8645462664412 30,488655120134354
59,863382790377585 30,491573363542557
59,86165904732532 30,49449160695076
59,85890087263832 30,49698069691658
59,85441835100907 30,49775317311287
59,85441835100907 30,495607405900955
59,8530389920837 30,49552157521248
59,85243550457358 30,495864897966385
59,85178889866749 30,496379882097244
59,85092673791506 30,49569323658943
59,84937479227175 30,49569323658943
59,84834012163565 30,497839003801346
59,8456239581715 30,507623702287674
59,84187270135932 30,51723673939705
