85
16,330 59,840429486737264 30,404817815870047
16,969 59,84067204819045 30,40572976693511
18,629 59,84094155884358 30,406824108213186
17,232 59,841216457462096 30,407854076474905
16,688 59,84136738122864 30,408562179654837
15,513 59,841556034974666 30,409399028867483
15,688 59,84136738122864 30,40972089394927
16,707 59,84117872641357 30,40895914658904
17,621 59,84100085089449 30,408283229917288
19,037 59,840796023361875 30,407296176999807
18,562 59,84056963357023 30,406330581754446
16,995 59,84030011990626 30,405118223279715
17,624 59,84003060406052 30,405322071164846
19,157 59,84028933931434 30,406394954770803
19,602 59,84058580432067 30,407585855573416
18,145 59,840822974424995 30,408551450818777
17,007 59,8409846803456 30,409130807965994
15,950 59,84119489686816 30,40993547067046
16,335 59,84095772941338 30,41019296273589
17,415 59,84076907227691 30,40927028283477
18,680 59,84063431652492 30,408648010343313
20,063 59,8404025353556 30,407843347638845
20,000 59,840154581620546 30,407070871442556
18,645 59,839852722407144 30,405858512967825
18,787 59,83956164128795 30,405815597623587
20,069 59,83992818746707 30,40746783837676
20,241 59,84019770414189 30,40819739922881
18,814 59,840348632526776 30,409034248441458
17,516 59,84058580432067 30,409581419080496
17,005 59,840822974424995 30,41051482781768
17,922 59,84052112127172 30,410836692899466
17,239 59,840332461661134 30,410021301358938
18,596 59,840073726742446 30,40946340188384
20,139 59,83990662603884 30,408562179654837
20,344 59,8396856205943 30,407789703458548
19,748 59,83961015498454 30,40673827752471
19,061 59,83931368129028 30,406169649213552
18,021 59,84033785195055 30,41101908311248
17,262 59,84018860798969 30,410464284941554
17,896 59,839967941313795 30,4098005220294
19,782 59,83975232666048 30,408899299800396
20,021 59,83945046379999 30,408105365931988
19,472 59,839418121188295 30,40726851671934
18,961 59,83908391236135 30,406496040523052
18,239 59,83883594880576 30,406753532588482
19,089 59,839137817237784 30,407676212489605
19,217 59,839191722026925 30,408384315669537
18,850 59,83947202552364 30,40926408022642
17,487 59,83967686120193 30,41001509875059
17,099 59,83989247634396 30,410594455897808
17,613 59,84004340611254 30,41128110140562
17,350 59,839719984342054 30,411667339503765
17,389 59,83955827227861 30,410980693995953
17,543 59,839407340310764 30,410229675471783
18,165 59,83918094107609 30,409435741603374
17,869 59,8389329782431 30,40855597704649
17,325 59,83879282452063 30,407933704555035
17,214 59,83856642110727 30,406946651637554
16,348 59,83823220373097 30,407354347407818
15,855 59,838587983403414 30,40827702730894
16,145 59,83871735688722 30,408963672816753
16,741 59,838879073035045 30,40977906435728
17,980 59,839105474322395 30,410615913569927
18,110 59,839299531343414 30,411238186061382
17,999 59,83943968293291 30,411946289241314
18,038 59,839191722026925 30,412182323634624
18,717 59,8390731313756 30,411645881831646
16,545 59,838825167739714 30,410894863307476
15,110 59,83859876454629 30,41029404848814
14,120 59,838426265841775 30,409457199275494
14,584 59,838307672464 30,408427231013775
15,875 59,83799501517061 30,407719127833843
15,270 59,837693136377304 30,40801953524351
14,597 59,83805970312734 30,408663265407085
14,756 59,83814595354086 30,40977906435728
14,202 59,83834001615439 30,410615913569927
15,860 59,83854485879713 30,4112596437335
17,412 59,83879282452063 30,41183900088072
17,147 59,838879073035045 30,412439815700054
15,286 59,837865638880054 30,409221164882183
15,368 59,83746672548623 30,408448688685894
15,892 59,83775782492057 30,409907810389996
15,105 59,83802735916468 30,410723201930523
15,993 59,83821064120439 30,411409847438335
16,203 59,838469390601695 30,41201066225767
16,347 59,83857720225708 30,412632934749126
